ENU:
  ax_bias: 0.007750721342980756
  ax_scale: 0.9996304560953636
  ay_bias: 0.0825305330292276
  ay_scale: 0.9981813818344655
  az_bias: -0.5149917335544959
  az_scale: 0.988907651914174
  gx_bias: 0.034045851375572984
  gx_scale: 1.0
  gy_bias: 0.011852398431397647
  gy_scale: 1.0
  gz_bias: -0.0038828888693355286
  gz_scale: 1.0
  mx_bias: -64.41515179455897
  mx_scale: 1.0
  my_bias: 24.310837282120907
  my_scale: 1.0
  mz_bias: 5.757384617188379
  mz_scale: 1.0
NED:
  ax_bias: -0.11555596
  ax_scale: 0.99783389
  ay_bias: -0.071625
  ay_scale: 1.00010923
  az_bias: -0.48078971
  az_scale: 0.98977632
  gx_bias: 0.0142346
  gx_scale: 1.0
  gy_bias: 0.0335292
  gy_scale: 1.0
  gz_bias: 0.00486426
  gz_scale: 1.0
  mx_bias: 24.77126693
  mx_scale: 1.0
  my_bias: -65.9554325
  my_scale: 1.0
  mz_bias: -11.76803637
  mz_scale: 1.0
