ENU:
  ax_bias: 0.1127339055176896
  ax_scale: 0.9997389532460516
  ay_bias: 0.1852558511259399
  ay_scale: 0.9987411957138301
  az_bias: -0.4206306543674225
  az_scale: 0.9884699225766396
  gx_bias: 0.03480485228624557
  gx_scale: 1.0
  gy_bias: 0.013018862988852355
  gy_scale: 1.0
  gz_bias: -0.0038602520000698567
  gz_scale: 1.0
  mx_bias: 52.89117484195967
  mx_scale: 1.0
  my_bias: 18.34191376811237
  my_scale: 1.0
  mz_bias: 12.697493111050717
  mz_scale: 1.0
NED:
  ax_bias: -0.14009491067466012
  ax_scale: 0.9977892958790757
  ay_bias: 0.12365011699071167
  ay_scale: 0.999188752731121
  az_bias: -0.41988094055434266
  az_scale: 0.9899727985819777
  gx_bias: 0.011788482565235743
  gx_scale: 1.0
  gy_bias: 0.04350539956753442
  gy_scale: 1.0
  gz_bias: 0.009376990198169
  gz_scale: 1.0
  mx_bias: 19.376948587231837
  mx_scale: 1.0
  my_bias: 56.031513324896515
  my_scale: 1.0
  mz_bias: -12.697493111050717
  mz_scale: 1.0
