ENU:
  ax_bias: -0.008982894769430483
  ax_scale: 1.003458020735268
  ay_bias: 0.15914668076457897
  ay_scale: 0.9996016135918413
  az_bias: -0.43897684263962633
  az_scale: 0.9884383016319186
  gx_bias: 0.033910030159978934
  gx_scale: 1.0
  gy_bias: 0.013086773596649372
  gy_scale: 1.0
  gz_bias: -0.006901581964940347
  gz_scale: 1.0
  mx_bias: 38.9662492163324
  mx_scale: 1.0
  my_bias: 8.65182841070683
  my_scale: 1.0
  mz_bias: 28.743744386655955
  mz_scale: 1.0
NED:
  ax_bias: -0.1661764957507917
  ax_scale: 1.0005595492530917
  ay_bias: 0.005154411886685429
  ay_scale: 1.004215548453792
  az_bias: -0.43382805685095044
  az_scale: 0.9922821639410665
  gx_bias: 0.01394164830656482
  gx_scale: 1.0
  gy_bias: 0.03383413006891168
  gy_scale: 1.0
  gz_bias: 0.008412925883560312
  gz_scale: 1.0
  mx_bias: 8.880250814662901
  mx_scale: 1.0
  my_bias: 38.662771864754305
  my_scale: 1.0
  mz_bias: -28.839814110400923
  mz_scale: 1.0
